{
 "cells": [
  {
   "cell_type": "code",
   "execution_count": 1,
   "metadata": {},
   "outputs": [
    {
     "name": "stderr",
     "output_type": "stream",
     "text": [
      "Warning message:\n",
      "\"package 'e1071' was built under R version 3.4.3\"\n",
      "Attaching package: 'dplyr'\n",
      "\n",
      "The following objects are masked from 'package:data.table':\n",
      "\n",
      "    between, first, last\n",
      "\n",
      "The following objects are masked from 'package:stats':\n",
      "\n",
      "    filter, lag\n",
      "\n",
      "The following objects are masked from 'package:base':\n",
      "\n",
      "    intersect, setdiff, setequal, union\n",
      "\n",
      "Loading required package: lattice\n",
      "Loading tidyverse: tibble\n",
      "Loading tidyverse: tidyr\n",
      "Loading tidyverse: readr\n",
      "Loading tidyverse: purrr\n",
      "Conflicts with tidy packages ---------------------------------------------------\n",
      "between():   dplyr, data.table\n",
      "filter():    dplyr, stats\n",
      "first():     dplyr, data.table\n",
      "lag():       dplyr, stats\n",
      "last():      dplyr, data.table\n",
      "lift():      purrr, caret\n",
      "transpose(): purrr, data.table\n",
      "Warning message:\n",
      "\"package 'ISLR' was built under R version 3.4.3\""
     ]
    }
   ],
   "source": [
    "library(e1071)\n",
    "library(data.table) \n",
    "library(ggplot2)\n",
    "library(dplyr)\n",
    "library(e1071)\n",
    "library(rpart)\n",
    "library(caret)\n",
    "library(tidyverse)\n",
    "library(ggplot2)\n",
    "library(stringr)\n",
    "library(ISLR)"
   ]
  },
  {
   "cell_type": "code",
   "execution_count": 2,
   "metadata": {},
   "outputs": [
    {
     "data": {
      "text/html": [
       "<table>\n",
       "<thead><tr><th scope=col>Percentage.Black</th><th scope=col>Percentage.White</th><th scope=col>Percentage.Blue</th><th scope=col>Percentage.Red</th><th scope=col>Percentage.Yellow</th><th scope=col>Percentage.Purple</th><th scope=col>Percentage.Green</th><th scope=col>Percentage.Cyan</th><th scope=col>Number.of.Likes</th><th scope=col>People</th><th scope=col>X</th><th scope=col>X.1</th><th scope=col>X.2</th></tr></thead>\n",
       "<tbody>\n",
       "\t<tr><td>0.818318</td><td>0.095576</td><td>0.047477</td><td>0.022866</td><td>0.004237</td><td>0.005483</td><td>0.002741</td><td>0.003302</td><td> 16     </td><td>1       </td><td>NA      </td><td>1.000000</td><td>NA      </td></tr>\n",
       "\t<tr><td>0.849782</td><td>0.087414</td><td>0.025919</td><td>0.005545</td><td>0.011651</td><td>0.004112</td><td>0.005545</td><td>0.010031</td><td> 16     </td><td>1       </td><td>NA      </td><td>0.999999</td><td>NA      </td></tr>\n",
       "\t<tr><td>0.666600</td><td>0.155867</td><td>0.025533</td><td>0.065267</td><td>0.053267</td><td>0.000267</td><td>0.000667</td><td>0.032533</td><td> 30     </td><td>1       </td><td>NA      </td><td>1.000001</td><td>NA      </td></tr>\n",
       "\t<tr><td>0.954734</td><td>0.022633</td><td>0.005658</td><td>0.003529</td><td>0.007675</td><td>0.000112</td><td>0.003305</td><td>0.002353</td><td>197     </td><td>1       </td><td>NA      </td><td>0.999999</td><td>NA      </td></tr>\n",
       "\t<tr><td>0.744310</td><td>0.042424</td><td>0.000067</td><td>0.106465</td><td>0.105320</td><td>0.000269</td><td>0.000539</td><td>0.000606</td><td> 13     </td><td>1       </td><td>NA      </td><td>1.000000</td><td>NA      </td></tr>\n",
       "\t<tr><td>0.037063</td><td>0.676587</td><td>0.082540</td><td>0.004048</td><td>0.004206</td><td>0.063016</td><td>0.000000</td><td>0.132540</td><td> 16     </td><td>1       </td><td>NA      </td><td>1.000000</td><td>NA      </td></tr>\n",
       "</tbody>\n",
       "</table>\n"
      ],
      "text/latex": [
       "\\begin{tabular}{r|lllllllllllll}\n",
       " Percentage.Black & Percentage.White & Percentage.Blue & Percentage.Red & Percentage.Yellow & Percentage.Purple & Percentage.Green & Percentage.Cyan & Number.of.Likes & People & X & X.1 & X.2\\\\\n",
       "\\hline\n",
       "\t 0.818318 & 0.095576 & 0.047477 & 0.022866 & 0.004237 & 0.005483 & 0.002741 & 0.003302 &  16      & 1        & NA       & 1.000000 & NA      \\\\\n",
       "\t 0.849782 & 0.087414 & 0.025919 & 0.005545 & 0.011651 & 0.004112 & 0.005545 & 0.010031 &  16      & 1        & NA       & 0.999999 & NA      \\\\\n",
       "\t 0.666600 & 0.155867 & 0.025533 & 0.065267 & 0.053267 & 0.000267 & 0.000667 & 0.032533 &  30      & 1        & NA       & 1.000001 & NA      \\\\\n",
       "\t 0.954734 & 0.022633 & 0.005658 & 0.003529 & 0.007675 & 0.000112 & 0.003305 & 0.002353 & 197      & 1        & NA       & 0.999999 & NA      \\\\\n",
       "\t 0.744310 & 0.042424 & 0.000067 & 0.106465 & 0.105320 & 0.000269 & 0.000539 & 0.000606 &  13      & 1        & NA       & 1.000000 & NA      \\\\\n",
       "\t 0.037063 & 0.676587 & 0.082540 & 0.004048 & 0.004206 & 0.063016 & 0.000000 & 0.132540 &  16      & 1        & NA       & 1.000000 & NA      \\\\\n",
       "\\end{tabular}\n"
      ],
      "text/markdown": [
       "\n",
       "Percentage.Black | Percentage.White | Percentage.Blue | Percentage.Red | Percentage.Yellow | Percentage.Purple | Percentage.Green | Percentage.Cyan | Number.of.Likes | People | X | X.1 | X.2 | \n",
       "|---|---|---|---|---|---|\n",
       "| 0.818318 | 0.095576 | 0.047477 | 0.022866 | 0.004237 | 0.005483 | 0.002741 | 0.003302 |  16      | 1        | NA       | 1.000000 | NA       | \n",
       "| 0.849782 | 0.087414 | 0.025919 | 0.005545 | 0.011651 | 0.004112 | 0.005545 | 0.010031 |  16      | 1        | NA       | 0.999999 | NA       | \n",
       "| 0.666600 | 0.155867 | 0.025533 | 0.065267 | 0.053267 | 0.000267 | 0.000667 | 0.032533 |  30      | 1        | NA       | 1.000001 | NA       | \n",
       "| 0.954734 | 0.022633 | 0.005658 | 0.003529 | 0.007675 | 0.000112 | 0.003305 | 0.002353 | 197      | 1        | NA       | 0.999999 | NA       | \n",
       "| 0.744310 | 0.042424 | 0.000067 | 0.106465 | 0.105320 | 0.000269 | 0.000539 | 0.000606 |  13      | 1        | NA       | 1.000000 | NA       | \n",
       "| 0.037063 | 0.676587 | 0.082540 | 0.004048 | 0.004206 | 0.063016 | 0.000000 | 0.132540 |  16      | 1        | NA       | 1.000000 | NA       | \n",
       "\n",
       "\n"
      ],
      "text/plain": [
       "  Percentage.Black Percentage.White Percentage.Blue Percentage.Red\n",
       "1 0.818318         0.095576         0.047477        0.022866      \n",
       "2 0.849782         0.087414         0.025919        0.005545      \n",
       "3 0.666600         0.155867         0.025533        0.065267      \n",
       "4 0.954734         0.022633         0.005658        0.003529      \n",
       "5 0.744310         0.042424         0.000067        0.106465      \n",
       "6 0.037063         0.676587         0.082540        0.004048      \n",
       "  Percentage.Yellow Percentage.Purple Percentage.Green Percentage.Cyan\n",
       "1 0.004237          0.005483          0.002741         0.003302       \n",
       "2 0.011651          0.004112          0.005545         0.010031       \n",
       "3 0.053267          0.000267          0.000667         0.032533       \n",
       "4 0.007675          0.000112          0.003305         0.002353       \n",
       "5 0.105320          0.000269          0.000539         0.000606       \n",
       "6 0.004206          0.063016          0.000000         0.132540       \n",
       "  Number.of.Likes People X  X.1      X.2\n",
       "1  16             1      NA 1.000000 NA \n",
       "2  16             1      NA 0.999999 NA \n",
       "3  30             1      NA 1.000001 NA \n",
       "4 197             1      NA 0.999999 NA \n",
       "5  13             1      NA 1.000000 NA \n",
       "6  16             1      NA 1.000000 NA "
      ]
     },
     "metadata": {},
     "output_type": "display_data"
    }
   ],
   "source": [
    "colorstats <- read.csv('Stats.csv')\n",
    "head(colorstats)\n"
   ]
  },
  {
   "cell_type": "code",
   "execution_count": 3,
   "metadata": {},
   "outputs": [],
   "source": [
    "colorstats %>%\n",
    "  select(Percentage.Black, Percentage.White, Percentage.Blue, Percentage.Red, Percentage.Yellow,\n",
    "         Percentage.Green, Percentage.Purple, People, Percentage.Cyan, Number.of.Likes) ->stat"
   ]
  },
  {
   "cell_type": "code",
   "execution_count": 11,
   "metadata": {},
   "outputs": [
    {
     "data": {
      "text/plain": [
       " Percentage.Black Percentage.White  Percentage.Blue    Percentage.Red   \n",
       " Min.   :0.0000   Min.   :0.00000   Min.   :0.000000   Min.   :0.00000  \n",
       " 1st Qu.:0.2234   1st Qu.:0.09813   1st Qu.:0.000808   1st Qu.:0.01226  \n",
       " Median :0.4817   Median :0.25860   Median :0.006533   Median :0.04065  \n",
       " Mean   :0.4762   Mean   :0.32640   Mean   :0.030907   Mean   :0.07503  \n",
       " 3rd Qu.:0.7176   3rd Qu.:0.51547   3rd Qu.:0.029091   3rd Qu.:0.10260  \n",
       " Max.   :0.9970   Max.   :0.99113   Max.   :0.683704   Max.   :0.66519  \n",
       " Percentage.Yellow Percentage.Green   Percentage.Purple      People      \n",
       " Min.   :0.00000   Min.   :0.000000   Min.   :0.000000   Min.   : 1.000  \n",
       " 1st Qu.:0.00480   1st Qu.:0.000000   1st Qu.:0.000238   1st Qu.: 1.000  \n",
       " Median :0.02389   Median :0.000200   Median :0.001733   Median : 1.000  \n",
       " Mean   :0.04902   Mean   :0.008442   Mean   :0.009477   Mean   : 1.269  \n",
       " 3rd Qu.:0.06260   3rd Qu.:0.004242   3rd Qu.:0.007600   3rd Qu.: 1.000  \n",
       " Max.   :0.74327   Max.   :0.359259   Max.   :0.341933   Max.   :12.000  \n",
       " Percentage.Cyan    Number.of.Likes  \n",
       " Min.   :0.000000   Min.   :   1.00  \n",
       " 1st Qu.:0.000272   1st Qu.:  12.00  \n",
       " Median :0.003906   Median :  21.00  \n",
       " Mean   :0.024506   Mean   :  40.35  \n",
       " 3rd Qu.:0.023200   3rd Qu.:  30.00  \n",
       " Max.   :0.563631   Max.   :1666.00  "
      ]
     },
     "metadata": {},
     "output_type": "display_data"
    }
   ],
   "source": [
    "summary(stat)"
   ]
  },
  {
   "cell_type": "code",
   "execution_count": 16,
   "metadata": {},
   "outputs": [],
   "source": [
    "maxn <- function(n) function(x) order(x, decreasing = TRUE)[n]"
   ]
  },
  {
   "cell_type": "code",
   "execution_count": 4,
   "metadata": {},
   "outputs": [
    {
     "data": {
      "text/html": [
       "<table>\n",
       "<thead><tr><th scope=col>Percentage.Black</th><th scope=col>Percentage.White</th><th scope=col>Percentage.Blue</th><th scope=col>Percentage.Red</th><th scope=col>Percentage.Yellow</th><th scope=col>Percentage.Green</th><th scope=col>Percentage.Purple</th><th scope=col>Percentage.Cyan</th><th scope=col>1</th><th scope=col>2</th><th scope=col>3</th><th scope=col>4</th><th scope=col>5</th><th scope=col>6</th><th scope=col>7</th><th scope=col>8</th></tr></thead>\n",
       "<tbody>\n",
       "\t<tr><td>0.818318</td><td>0.095576</td><td>0.047477</td><td>0.022866</td><td>0.004237</td><td>0.002741</td><td>0.005483</td><td>0.003302</td><td>0.818318</td><td>0.095576</td><td>0.047477</td><td>0.022866</td><td>0.005483</td><td>0.004237</td><td>0.003302</td><td>0.002741</td></tr>\n",
       "\t<tr><td>0.849782</td><td>0.087414</td><td>0.025919</td><td>0.005545</td><td>0.011651</td><td>0.005545</td><td>0.004112</td><td>0.010031</td><td>0.849782</td><td>0.087414</td><td>0.025919</td><td>0.011651</td><td>0.010031</td><td>0.005545</td><td>0.005545</td><td>0.004112</td></tr>\n",
       "\t<tr><td>0.666600</td><td>0.155867</td><td>0.025533</td><td>0.065267</td><td>0.053267</td><td>0.000667</td><td>0.000267</td><td>0.032533</td><td>0.666600</td><td>0.155867</td><td>0.065267</td><td>0.053267</td><td>0.032533</td><td>0.025533</td><td>0.000667</td><td>0.000267</td></tr>\n",
       "\t<tr><td>0.954734</td><td>0.022633</td><td>0.005658</td><td>0.003529</td><td>0.007675</td><td>0.003305</td><td>0.000112</td><td>0.002353</td><td>0.954734</td><td>0.022633</td><td>0.007675</td><td>0.005658</td><td>0.003529</td><td>0.003305</td><td>0.002353</td><td>0.000112</td></tr>\n",
       "\t<tr><td>0.744310</td><td>0.042424</td><td>0.000067</td><td>0.106465</td><td>0.105320</td><td>0.000539</td><td>0.000269</td><td>0.000606</td><td>0.744310</td><td>0.106465</td><td>0.105320</td><td>0.042424</td><td>0.000606</td><td>0.000539</td><td>0.000269</td><td>0.000067</td></tr>\n",
       "\t<tr><td>0.037063</td><td>0.676587</td><td>0.082540</td><td>0.004048</td><td>0.004206</td><td>0.000000</td><td>0.063016</td><td>0.132540</td><td>0.676587</td><td>0.132540</td><td>0.082540</td><td>0.063016</td><td>0.037063</td><td>0.004206</td><td>0.004048</td><td>0.000000</td></tr>\n",
       "</tbody>\n",
       "</table>\n"
      ],
      "text/latex": [
       "\\begin{tabular}{r|llllllllllllllll}\n",
       " Percentage.Black & Percentage.White & Percentage.Blue & Percentage.Red & Percentage.Yellow & Percentage.Green & Percentage.Purple & Percentage.Cyan & 1 & 2 & 3 & 4 & 5 & 6 & 7 & 8\\\\\n",
       "\\hline\n",
       "\t 0.818318 & 0.095576 & 0.047477 & 0.022866 & 0.004237 & 0.002741 & 0.005483 & 0.003302 & 0.818318 & 0.095576 & 0.047477 & 0.022866 & 0.005483 & 0.004237 & 0.003302 & 0.002741\\\\\n",
       "\t 0.849782 & 0.087414 & 0.025919 & 0.005545 & 0.011651 & 0.005545 & 0.004112 & 0.010031 & 0.849782 & 0.087414 & 0.025919 & 0.011651 & 0.010031 & 0.005545 & 0.005545 & 0.004112\\\\\n",
       "\t 0.666600 & 0.155867 & 0.025533 & 0.065267 & 0.053267 & 0.000667 & 0.000267 & 0.032533 & 0.666600 & 0.155867 & 0.065267 & 0.053267 & 0.032533 & 0.025533 & 0.000667 & 0.000267\\\\\n",
       "\t 0.954734 & 0.022633 & 0.005658 & 0.003529 & 0.007675 & 0.003305 & 0.000112 & 0.002353 & 0.954734 & 0.022633 & 0.007675 & 0.005658 & 0.003529 & 0.003305 & 0.002353 & 0.000112\\\\\n",
       "\t 0.744310 & 0.042424 & 0.000067 & 0.106465 & 0.105320 & 0.000539 & 0.000269 & 0.000606 & 0.744310 & 0.106465 & 0.105320 & 0.042424 & 0.000606 & 0.000539 & 0.000269 & 0.000067\\\\\n",
       "\t 0.037063 & 0.676587 & 0.082540 & 0.004048 & 0.004206 & 0.000000 & 0.063016 & 0.132540 & 0.676587 & 0.132540 & 0.082540 & 0.063016 & 0.037063 & 0.004206 & 0.004048 & 0.000000\\\\\n",
       "\\end{tabular}\n"
      ],
      "text/markdown": [
       "\n",
       "Percentage.Black | Percentage.White | Percentage.Blue | Percentage.Red | Percentage.Yellow | Percentage.Green | Percentage.Purple | Percentage.Cyan | 1 | 2 | 3 | 4 | 5 | 6 | 7 | 8 | \n",
       "|---|---|---|---|---|---|\n",
       "| 0.818318 | 0.095576 | 0.047477 | 0.022866 | 0.004237 | 0.002741 | 0.005483 | 0.003302 | 0.818318 | 0.095576 | 0.047477 | 0.022866 | 0.005483 | 0.004237 | 0.003302 | 0.002741 | \n",
       "| 0.849782 | 0.087414 | 0.025919 | 0.005545 | 0.011651 | 0.005545 | 0.004112 | 0.010031 | 0.849782 | 0.087414 | 0.025919 | 0.011651 | 0.010031 | 0.005545 | 0.005545 | 0.004112 | \n",
       "| 0.666600 | 0.155867 | 0.025533 | 0.065267 | 0.053267 | 0.000667 | 0.000267 | 0.032533 | 0.666600 | 0.155867 | 0.065267 | 0.053267 | 0.032533 | 0.025533 | 0.000667 | 0.000267 | \n",
       "| 0.954734 | 0.022633 | 0.005658 | 0.003529 | 0.007675 | 0.003305 | 0.000112 | 0.002353 | 0.954734 | 0.022633 | 0.007675 | 0.005658 | 0.003529 | 0.003305 | 0.002353 | 0.000112 | \n",
       "| 0.744310 | 0.042424 | 0.000067 | 0.106465 | 0.105320 | 0.000539 | 0.000269 | 0.000606 | 0.744310 | 0.106465 | 0.105320 | 0.042424 | 0.000606 | 0.000539 | 0.000269 | 0.000067 | \n",
       "| 0.037063 | 0.676587 | 0.082540 | 0.004048 | 0.004206 | 0.000000 | 0.063016 | 0.132540 | 0.676587 | 0.132540 | 0.082540 | 0.063016 | 0.037063 | 0.004206 | 0.004048 | 0.000000 | \n",
       "\n",
       "\n"
      ],
      "text/plain": [
       "  Percentage.Black Percentage.White Percentage.Blue Percentage.Red\n",
       "1 0.818318         0.095576         0.047477        0.022866      \n",
       "2 0.849782         0.087414         0.025919        0.005545      \n",
       "3 0.666600         0.155867         0.025533        0.065267      \n",
       "4 0.954734         0.022633         0.005658        0.003529      \n",
       "5 0.744310         0.042424         0.000067        0.106465      \n",
       "6 0.037063         0.676587         0.082540        0.004048      \n",
       "  Percentage.Yellow Percentage.Green Percentage.Purple Percentage.Cyan 1       \n",
       "1 0.004237          0.002741         0.005483          0.003302        0.818318\n",
       "2 0.011651          0.005545         0.004112          0.010031        0.849782\n",
       "3 0.053267          0.000667         0.000267          0.032533        0.666600\n",
       "4 0.007675          0.003305         0.000112          0.002353        0.954734\n",
       "5 0.105320          0.000539         0.000269          0.000606        0.744310\n",
       "6 0.004206          0.000000         0.063016          0.132540        0.676587\n",
       "  2        3        4        5        6        7        8       \n",
       "1 0.095576 0.047477 0.022866 0.005483 0.004237 0.003302 0.002741\n",
       "2 0.087414 0.025919 0.011651 0.010031 0.005545 0.005545 0.004112\n",
       "3 0.155867 0.065267 0.053267 0.032533 0.025533 0.000667 0.000267\n",
       "4 0.022633 0.007675 0.005658 0.003529 0.003305 0.002353 0.000112\n",
       "5 0.106465 0.105320 0.042424 0.000606 0.000539 0.000269 0.000067\n",
       "6 0.132540 0.082540 0.063016 0.037063 0.004206 0.004048 0.000000"
      ]
     },
     "metadata": {},
     "output_type": "display_data"
    }
   ],
   "source": [
    "stat %>%\n",
    " select(Percentage.Black, Percentage.White, Percentage.Blue, Percentage.Red, Percentage.Yellow,\n",
    "         Percentage.Green, Percentage.Purple, Percentage.Cyan) ->sorted\n",
    "cbind(sorted, t(apply(sorted, 1, sort, decreasing = TRUE))) -> sorted1\n",
    "\n",
    "\n",
    "head(sorted1)"
   ]
  },
  {
   "cell_type": "code",
   "execution_count": 5,
   "metadata": {},
   "outputs": [
    {
     "data": {
      "text/html": [
       "<table>\n",
       "<thead><tr><th scope=col>Color1</th><th scope=col>Color2</th><th scope=col>Color3</th><th scope=col>Color4</th><th scope=col>Color5</th><th scope=col>Color6</th><th scope=col>Color7</th><th scope=col>Color8</th></tr></thead>\n",
       "<tbody>\n",
       "\t<tr><td>0.818318</td><td>0.095576</td><td>0.047477</td><td>0.022866</td><td>0.005483</td><td>0.004237</td><td>0.003302</td><td>0.002741</td></tr>\n",
       "\t<tr><td>0.849782</td><td>0.087414</td><td>0.025919</td><td>0.011651</td><td>0.010031</td><td>0.005545</td><td>0.005545</td><td>0.004112</td></tr>\n",
       "\t<tr><td>0.666600</td><td>0.155867</td><td>0.065267</td><td>0.053267</td><td>0.032533</td><td>0.025533</td><td>0.000667</td><td>0.000267</td></tr>\n",
       "\t<tr><td>0.954734</td><td>0.022633</td><td>0.007675</td><td>0.005658</td><td>0.003529</td><td>0.003305</td><td>0.002353</td><td>0.000112</td></tr>\n",
       "\t<tr><td>0.744310</td><td>0.106465</td><td>0.105320</td><td>0.042424</td><td>0.000606</td><td>0.000539</td><td>0.000269</td><td>0.000067</td></tr>\n",
       "\t<tr><td>0.676587</td><td>0.132540</td><td>0.082540</td><td>0.063016</td><td>0.037063</td><td>0.004206</td><td>0.004048</td><td>0.000000</td></tr>\n",
       "</tbody>\n",
       "</table>\n"
      ],
      "text/latex": [
       "\\begin{tabular}{r|llllllll}\n",
       " Color1 & Color2 & Color3 & Color4 & Color5 & Color6 & Color7 & Color8\\\\\n",
       "\\hline\n",
       "\t 0.818318 & 0.095576 & 0.047477 & 0.022866 & 0.005483 & 0.004237 & 0.003302 & 0.002741\\\\\n",
       "\t 0.849782 & 0.087414 & 0.025919 & 0.011651 & 0.010031 & 0.005545 & 0.005545 & 0.004112\\\\\n",
       "\t 0.666600 & 0.155867 & 0.065267 & 0.053267 & 0.032533 & 0.025533 & 0.000667 & 0.000267\\\\\n",
       "\t 0.954734 & 0.022633 & 0.007675 & 0.005658 & 0.003529 & 0.003305 & 0.002353 & 0.000112\\\\\n",
       "\t 0.744310 & 0.106465 & 0.105320 & 0.042424 & 0.000606 & 0.000539 & 0.000269 & 0.000067\\\\\n",
       "\t 0.676587 & 0.132540 & 0.082540 & 0.063016 & 0.037063 & 0.004206 & 0.004048 & 0.000000\\\\\n",
       "\\end{tabular}\n"
      ],
      "text/markdown": [
       "\n",
       "Color1 | Color2 | Color3 | Color4 | Color5 | Color6 | Color7 | Color8 | \n",
       "|---|---|---|---|---|---|\n",
       "| 0.818318 | 0.095576 | 0.047477 | 0.022866 | 0.005483 | 0.004237 | 0.003302 | 0.002741 | \n",
       "| 0.849782 | 0.087414 | 0.025919 | 0.011651 | 0.010031 | 0.005545 | 0.005545 | 0.004112 | \n",
       "| 0.666600 | 0.155867 | 0.065267 | 0.053267 | 0.032533 | 0.025533 | 0.000667 | 0.000267 | \n",
       "| 0.954734 | 0.022633 | 0.007675 | 0.005658 | 0.003529 | 0.003305 | 0.002353 | 0.000112 | \n",
       "| 0.744310 | 0.106465 | 0.105320 | 0.042424 | 0.000606 | 0.000539 | 0.000269 | 0.000067 | \n",
       "| 0.676587 | 0.132540 | 0.082540 | 0.063016 | 0.037063 | 0.004206 | 0.004048 | 0.000000 | \n",
       "\n",
       "\n"
      ],
      "text/plain": [
       "  Color1   Color2   Color3   Color4   Color5   Color6   Color7   Color8  \n",
       "1 0.818318 0.095576 0.047477 0.022866 0.005483 0.004237 0.003302 0.002741\n",
       "2 0.849782 0.087414 0.025919 0.011651 0.010031 0.005545 0.005545 0.004112\n",
       "3 0.666600 0.155867 0.065267 0.053267 0.032533 0.025533 0.000667 0.000267\n",
       "4 0.954734 0.022633 0.007675 0.005658 0.003529 0.003305 0.002353 0.000112\n",
       "5 0.744310 0.106465 0.105320 0.042424 0.000606 0.000539 0.000269 0.000067\n",
       "6 0.676587 0.132540 0.082540 0.063016 0.037063 0.004206 0.004048 0.000000"
      ]
     },
     "metadata": {},
     "output_type": "display_data"
    }
   ],
   "source": [
    "colnames(sorted1) <- c(\"Percentage.Black\", \"Percentage.White\", \"Percentage.Blue\", \"Percentage.Red\", \"Percentage.Yellow\",\n",
    "                     \"Percentage.Green\",\"Percentage.Purple\",\"Percentage.Cyan\", \"Color1\", \"Color2\", \"Color3\",\n",
    "                     \"Color4\", \"Color5\", \"Color6\", \"Color7\", \"Color8\")\n",
    "sorted1 %>%\n",
    " select(Color1, Color2, Color3, Color4, Color5, Color6, Color7, Color8) ->domcolor\n",
    "head(domcolor)"
   ]
  },
  {
   "cell_type": "code",
   "execution_count": 6,
   "metadata": {},
   "outputs": [
    {
     "data": {
      "text/html": [
       "<table>\n",
       "<thead><tr><th scope=col>Color1</th><th scope=col>Color2</th><th scope=col>Color3</th><th scope=col>Color4</th><th scope=col>Color5</th><th scope=col>Color6</th><th scope=col>Color7</th><th scope=col>Color8</th><th scope=col>Likes</th></tr></thead>\n",
       "<tbody>\n",
       "\t<tr><td>0.818318</td><td>0.095576</td><td>0.047477</td><td>0.022866</td><td>0.005483</td><td>0.004237</td><td>0.003302</td><td>0.002741</td><td> 16     </td></tr>\n",
       "\t<tr><td>0.849782</td><td>0.087414</td><td>0.025919</td><td>0.011651</td><td>0.010031</td><td>0.005545</td><td>0.005545</td><td>0.004112</td><td> 16     </td></tr>\n",
       "\t<tr><td>0.666600</td><td>0.155867</td><td>0.065267</td><td>0.053267</td><td>0.032533</td><td>0.025533</td><td>0.000667</td><td>0.000267</td><td> 30     </td></tr>\n",
       "\t<tr><td>0.954734</td><td>0.022633</td><td>0.007675</td><td>0.005658</td><td>0.003529</td><td>0.003305</td><td>0.002353</td><td>0.000112</td><td>197     </td></tr>\n",
       "\t<tr><td>0.744310</td><td>0.106465</td><td>0.105320</td><td>0.042424</td><td>0.000606</td><td>0.000539</td><td>0.000269</td><td>0.000067</td><td> 13     </td></tr>\n",
       "\t<tr><td>0.676587</td><td>0.132540</td><td>0.082540</td><td>0.063016</td><td>0.037063</td><td>0.004206</td><td>0.004048</td><td>0.000000</td><td> 16     </td></tr>\n",
       "</tbody>\n",
       "</table>\n"
      ],
      "text/latex": [
       "\\begin{tabular}{r|lllllllll}\n",
       " Color1 & Color2 & Color3 & Color4 & Color5 & Color6 & Color7 & Color8 & Likes\\\\\n",
       "\\hline\n",
       "\t 0.818318 & 0.095576 & 0.047477 & 0.022866 & 0.005483 & 0.004237 & 0.003302 & 0.002741 &  16     \\\\\n",
       "\t 0.849782 & 0.087414 & 0.025919 & 0.011651 & 0.010031 & 0.005545 & 0.005545 & 0.004112 &  16     \\\\\n",
       "\t 0.666600 & 0.155867 & 0.065267 & 0.053267 & 0.032533 & 0.025533 & 0.000667 & 0.000267 &  30     \\\\\n",
       "\t 0.954734 & 0.022633 & 0.007675 & 0.005658 & 0.003529 & 0.003305 & 0.002353 & 0.000112 & 197     \\\\\n",
       "\t 0.744310 & 0.106465 & 0.105320 & 0.042424 & 0.000606 & 0.000539 & 0.000269 & 0.000067 &  13     \\\\\n",
       "\t 0.676587 & 0.132540 & 0.082540 & 0.063016 & 0.037063 & 0.004206 & 0.004048 & 0.000000 &  16     \\\\\n",
       "\\end{tabular}\n"
      ],
      "text/markdown": [
       "\n",
       "Color1 | Color2 | Color3 | Color4 | Color5 | Color6 | Color7 | Color8 | Likes | \n",
       "|---|---|---|---|---|---|\n",
       "| 0.818318 | 0.095576 | 0.047477 | 0.022866 | 0.005483 | 0.004237 | 0.003302 | 0.002741 |  16      | \n",
       "| 0.849782 | 0.087414 | 0.025919 | 0.011651 | 0.010031 | 0.005545 | 0.005545 | 0.004112 |  16      | \n",
       "| 0.666600 | 0.155867 | 0.065267 | 0.053267 | 0.032533 | 0.025533 | 0.000667 | 0.000267 |  30      | \n",
       "| 0.954734 | 0.022633 | 0.007675 | 0.005658 | 0.003529 | 0.003305 | 0.002353 | 0.000112 | 197      | \n",
       "| 0.744310 | 0.106465 | 0.105320 | 0.042424 | 0.000606 | 0.000539 | 0.000269 | 0.000067 |  13      | \n",
       "| 0.676587 | 0.132540 | 0.082540 | 0.063016 | 0.037063 | 0.004206 | 0.004048 | 0.000000 |  16      | \n",
       "\n",
       "\n"
      ],
      "text/plain": [
       "  Color1   Color2   Color3   Color4   Color5   Color6   Color7   Color8   Likes\n",
       "1 0.818318 0.095576 0.047477 0.022866 0.005483 0.004237 0.003302 0.002741  16  \n",
       "2 0.849782 0.087414 0.025919 0.011651 0.010031 0.005545 0.005545 0.004112  16  \n",
       "3 0.666600 0.155867 0.065267 0.053267 0.032533 0.025533 0.000667 0.000267  30  \n",
       "4 0.954734 0.022633 0.007675 0.005658 0.003529 0.003305 0.002353 0.000112 197  \n",
       "5 0.744310 0.106465 0.105320 0.042424 0.000606 0.000539 0.000269 0.000067  13  \n",
       "6 0.676587 0.132540 0.082540 0.063016 0.037063 0.004206 0.004048 0.000000  16  "
      ]
     },
     "metadata": {},
     "output_type": "display_data"
    }
   ],
   "source": [
    "domcolor$Likes <- stat$Number.of.Likes\n",
    "head(domcolor)"
   ]
  },
  {
   "cell_type": "code",
   "execution_count": 7,
   "metadata": {},
   "outputs": [
    {
     "data": {
      "text/html": [
       "<table>\n",
       "<thead><tr><th scope=col>Color1</th><th scope=col>Color2</th><th scope=col>Color3</th><th scope=col>Color4</th><th scope=col>Color5</th><th scope=col>Color6</th><th scope=col>Color7</th><th scope=col>Color8</th><th scope=col>Likes</th><th scope=col>People</th></tr></thead>\n",
       "<tbody>\n",
       "\t<tr><td>0.818318</td><td>0.095576</td><td>0.047477</td><td>0.022866</td><td>0.005483</td><td>0.004237</td><td>0.003302</td><td>0.002741</td><td> 16     </td><td>1       </td></tr>\n",
       "\t<tr><td>0.849782</td><td>0.087414</td><td>0.025919</td><td>0.011651</td><td>0.010031</td><td>0.005545</td><td>0.005545</td><td>0.004112</td><td> 16     </td><td>1       </td></tr>\n",
       "\t<tr><td>0.666600</td><td>0.155867</td><td>0.065267</td><td>0.053267</td><td>0.032533</td><td>0.025533</td><td>0.000667</td><td>0.000267</td><td> 30     </td><td>1       </td></tr>\n",
       "\t<tr><td>0.954734</td><td>0.022633</td><td>0.007675</td><td>0.005658</td><td>0.003529</td><td>0.003305</td><td>0.002353</td><td>0.000112</td><td>197     </td><td>1       </td></tr>\n",
       "\t<tr><td>0.744310</td><td>0.106465</td><td>0.105320</td><td>0.042424</td><td>0.000606</td><td>0.000539</td><td>0.000269</td><td>0.000067</td><td> 13     </td><td>1       </td></tr>\n",
       "\t<tr><td>0.676587</td><td>0.132540</td><td>0.082540</td><td>0.063016</td><td>0.037063</td><td>0.004206</td><td>0.004048</td><td>0.000000</td><td> 16     </td><td>1       </td></tr>\n",
       "</tbody>\n",
       "</table>\n"
      ],
      "text/latex": [
       "\\begin{tabular}{r|llllllllll}\n",
       " Color1 & Color2 & Color3 & Color4 & Color5 & Color6 & Color7 & Color8 & Likes & People\\\\\n",
       "\\hline\n",
       "\t 0.818318 & 0.095576 & 0.047477 & 0.022866 & 0.005483 & 0.004237 & 0.003302 & 0.002741 &  16      & 1       \\\\\n",
       "\t 0.849782 & 0.087414 & 0.025919 & 0.011651 & 0.010031 & 0.005545 & 0.005545 & 0.004112 &  16      & 1       \\\\\n",
       "\t 0.666600 & 0.155867 & 0.065267 & 0.053267 & 0.032533 & 0.025533 & 0.000667 & 0.000267 &  30      & 1       \\\\\n",
       "\t 0.954734 & 0.022633 & 0.007675 & 0.005658 & 0.003529 & 0.003305 & 0.002353 & 0.000112 & 197      & 1       \\\\\n",
       "\t 0.744310 & 0.106465 & 0.105320 & 0.042424 & 0.000606 & 0.000539 & 0.000269 & 0.000067 &  13      & 1       \\\\\n",
       "\t 0.676587 & 0.132540 & 0.082540 & 0.063016 & 0.037063 & 0.004206 & 0.004048 & 0.000000 &  16      & 1       \\\\\n",
       "\\end{tabular}\n"
      ],
      "text/markdown": [
       "\n",
       "Color1 | Color2 | Color3 | Color4 | Color5 | Color6 | Color7 | Color8 | Likes | People | \n",
       "|---|---|---|---|---|---|\n",
       "| 0.818318 | 0.095576 | 0.047477 | 0.022866 | 0.005483 | 0.004237 | 0.003302 | 0.002741 |  16      | 1        | \n",
       "| 0.849782 | 0.087414 | 0.025919 | 0.011651 | 0.010031 | 0.005545 | 0.005545 | 0.004112 |  16      | 1        | \n",
       "| 0.666600 | 0.155867 | 0.065267 | 0.053267 | 0.032533 | 0.025533 | 0.000667 | 0.000267 |  30      | 1        | \n",
       "| 0.954734 | 0.022633 | 0.007675 | 0.005658 | 0.003529 | 0.003305 | 0.002353 | 0.000112 | 197      | 1        | \n",
       "| 0.744310 | 0.106465 | 0.105320 | 0.042424 | 0.000606 | 0.000539 | 0.000269 | 0.000067 |  13      | 1        | \n",
       "| 0.676587 | 0.132540 | 0.082540 | 0.063016 | 0.037063 | 0.004206 | 0.004048 | 0.000000 |  16      | 1        | \n",
       "\n",
       "\n"
      ],
      "text/plain": [
       "  Color1   Color2   Color3   Color4   Color5   Color6   Color7   Color8   Likes\n",
       "1 0.818318 0.095576 0.047477 0.022866 0.005483 0.004237 0.003302 0.002741  16  \n",
       "2 0.849782 0.087414 0.025919 0.011651 0.010031 0.005545 0.005545 0.004112  16  \n",
       "3 0.666600 0.155867 0.065267 0.053267 0.032533 0.025533 0.000667 0.000267  30  \n",
       "4 0.954734 0.022633 0.007675 0.005658 0.003529 0.003305 0.002353 0.000112 197  \n",
       "5 0.744310 0.106465 0.105320 0.042424 0.000606 0.000539 0.000269 0.000067  13  \n",
       "6 0.676587 0.132540 0.082540 0.063016 0.037063 0.004206 0.004048 0.000000  16  \n",
       "  People\n",
       "1 1     \n",
       "2 1     \n",
       "3 1     \n",
       "4 1     \n",
       "5 1     \n",
       "6 1     "
      ]
     },
     "metadata": {},
     "output_type": "display_data"
    }
   ],
   "source": [
    "dompcolor <- domcolor\n",
    "dompcolor$People <- stat$People\n",
    "head(dompcolor)"
   ]
  },
  {
   "cell_type": "code",
   "execution_count": 8,
   "metadata": {},
   "outputs": [
    {
     "data": {
      "text/html": [
       "<table>\n",
       "<thead><tr><th scope=col>Percentage.Black</th><th scope=col>Percentage.White</th><th scope=col>Percentage.Blue</th><th scope=col>Percentage.Red</th><th scope=col>Percentage.Yellow</th><th scope=col>Percentage.Green</th><th scope=col>Percentage.Purple</th><th scope=col>Percentage.Cyan</th><th scope=col>Number.of.Likes</th></tr></thead>\n",
       "<tbody>\n",
       "\t<tr><td>0.818318</td><td>0.095576</td><td>0.047477</td><td>0.022866</td><td>0.004237</td><td>0.002741</td><td>0.005483</td><td>0.003302</td><td> 16     </td></tr>\n",
       "\t<tr><td>0.849782</td><td>0.087414</td><td>0.025919</td><td>0.005545</td><td>0.011651</td><td>0.005545</td><td>0.004112</td><td>0.010031</td><td> 16     </td></tr>\n",
       "\t<tr><td>0.666600</td><td>0.155867</td><td>0.025533</td><td>0.065267</td><td>0.053267</td><td>0.000667</td><td>0.000267</td><td>0.032533</td><td> 30     </td></tr>\n",
       "\t<tr><td>0.954734</td><td>0.022633</td><td>0.005658</td><td>0.003529</td><td>0.007675</td><td>0.003305</td><td>0.000112</td><td>0.002353</td><td>197     </td></tr>\n",
       "\t<tr><td>0.744310</td><td>0.042424</td><td>0.000067</td><td>0.106465</td><td>0.105320</td><td>0.000539</td><td>0.000269</td><td>0.000606</td><td> 13     </td></tr>\n",
       "\t<tr><td>0.037063</td><td>0.676587</td><td>0.082540</td><td>0.004048</td><td>0.004206</td><td>0.000000</td><td>0.063016</td><td>0.132540</td><td> 16     </td></tr>\n",
       "</tbody>\n",
       "</table>\n"
      ],
      "text/latex": [
       "\\begin{tabular}{r|lllllllll}\n",
       " Percentage.Black & Percentage.White & Percentage.Blue & Percentage.Red & Percentage.Yellow & Percentage.Green & Percentage.Purple & Percentage.Cyan & Number.of.Likes\\\\\n",
       "\\hline\n",
       "\t 0.818318 & 0.095576 & 0.047477 & 0.022866 & 0.004237 & 0.002741 & 0.005483 & 0.003302 &  16     \\\\\n",
       "\t 0.849782 & 0.087414 & 0.025919 & 0.005545 & 0.011651 & 0.005545 & 0.004112 & 0.010031 &  16     \\\\\n",
       "\t 0.666600 & 0.155867 & 0.025533 & 0.065267 & 0.053267 & 0.000667 & 0.000267 & 0.032533 &  30     \\\\\n",
       "\t 0.954734 & 0.022633 & 0.005658 & 0.003529 & 0.007675 & 0.003305 & 0.000112 & 0.002353 & 197     \\\\\n",
       "\t 0.744310 & 0.042424 & 0.000067 & 0.106465 & 0.105320 & 0.000539 & 0.000269 & 0.000606 &  13     \\\\\n",
       "\t 0.037063 & 0.676587 & 0.082540 & 0.004048 & 0.004206 & 0.000000 & 0.063016 & 0.132540 &  16     \\\\\n",
       "\\end{tabular}\n"
      ],
      "text/markdown": [
       "\n",
       "Percentage.Black | Percentage.White | Percentage.Blue | Percentage.Red | Percentage.Yellow | Percentage.Green | Percentage.Purple | Percentage.Cyan | Number.of.Likes | \n",
       "|---|---|---|---|---|---|\n",
       "| 0.818318 | 0.095576 | 0.047477 | 0.022866 | 0.004237 | 0.002741 | 0.005483 | 0.003302 |  16      | \n",
       "| 0.849782 | 0.087414 | 0.025919 | 0.005545 | 0.011651 | 0.005545 | 0.004112 | 0.010031 |  16      | \n",
       "| 0.666600 | 0.155867 | 0.025533 | 0.065267 | 0.053267 | 0.000667 | 0.000267 | 0.032533 |  30      | \n",
       "| 0.954734 | 0.022633 | 0.005658 | 0.003529 | 0.007675 | 0.003305 | 0.000112 | 0.002353 | 197      | \n",
       "| 0.744310 | 0.042424 | 0.000067 | 0.106465 | 0.105320 | 0.000539 | 0.000269 | 0.000606 |  13      | \n",
       "| 0.037063 | 0.676587 | 0.082540 | 0.004048 | 0.004206 | 0.000000 | 0.063016 | 0.132540 |  16      | \n",
       "\n",
       "\n"
      ],
      "text/plain": [
       "  Percentage.Black Percentage.White Percentage.Blue Percentage.Red\n",
       "1 0.818318         0.095576         0.047477        0.022866      \n",
       "2 0.849782         0.087414         0.025919        0.005545      \n",
       "3 0.666600         0.155867         0.025533        0.065267      \n",
       "4 0.954734         0.022633         0.005658        0.003529      \n",
       "5 0.744310         0.042424         0.000067        0.106465      \n",
       "6 0.037063         0.676587         0.082540        0.004048      \n",
       "  Percentage.Yellow Percentage.Green Percentage.Purple Percentage.Cyan\n",
       "1 0.004237          0.002741         0.005483          0.003302       \n",
       "2 0.011651          0.005545         0.004112          0.010031       \n",
       "3 0.053267          0.000667         0.000267          0.032533       \n",
       "4 0.007675          0.003305         0.000112          0.002353       \n",
       "5 0.105320          0.000539         0.000269          0.000606       \n",
       "6 0.004206          0.000000         0.063016          0.132540       \n",
       "  Number.of.Likes\n",
       "1  16            \n",
       "2  16            \n",
       "3  30            \n",
       "4 197            \n",
       "5  13            \n",
       "6  16            "
      ]
     },
     "metadata": {},
     "output_type": "display_data"
    }
   ],
   "source": [
    "sorted$Number.of.Likes <- stat$Number.of.Likes\n",
    "head(sorted)"
   ]
  },
  {
   "cell_type": "code",
   "execution_count": 37,
   "metadata": {},
   "outputs": [
    {
     "data": {
      "text/plain": [
       "\n",
       "Call:\n",
       "lm(formula = Number.of.Likes ~ ., data = sorted)\n",
       "\n",
       "Residuals:\n",
       "    Min      1Q  Median      3Q     Max \n",
       " -71.19  -29.38  -19.83   -6.28 1621.19 \n",
       "\n",
       "Coefficients:\n",
       "                  Estimate Std. Error t value Pr(>|t|)\n",
       "(Intercept)        6033349    4482039   1.346    0.179\n",
       "Percentage.Black  -6033310    4482040  -1.346    0.179\n",
       "Percentage.White  -6033302    4482040  -1.346    0.179\n",
       "Percentage.Blue   -6033312    4482041  -1.346    0.179\n",
       "Percentage.Red    -6033338    4482037  -1.346    0.179\n",
       "Percentage.Yellow -6033364    4482039  -1.346    0.179\n",
       "Percentage.Green  -6033350    4482040  -1.346    0.179\n",
       "Percentage.Purple -6033207    4482030  -1.346    0.179\n",
       "Percentage.Cyan   -6033210    4482036  -1.346    0.179\n",
       "\n",
       "Residual standard error: 106.5 on 996 degrees of freedom\n",
       "Multiple R-squared:  0.009152,\tAdjusted R-squared:  0.001193 \n",
       "F-statistic:  1.15 on 8 and 996 DF,  p-value: 0.3269\n"
      ]
     },
     "metadata": {},
     "output_type": "display_data"
    }
   ],
   "source": [
    "lmfitsort = lm(Number.of.Likes~., data=sorted)\n",
    "summary(lmfitsort)"
   ]
  },
  {
   "cell_type": "code",
   "execution_count": 38,
   "metadata": {},
   "outputs": [
    {
     "data": {
      "text/plain": [
       "\n",
       "Call:\n",
       "lm(formula = Likes ~ ., data = domcolor)\n",
       "\n",
       "Residuals:\n",
       "    Min      1Q  Median      3Q     Max \n",
       " -72.53  -29.18  -19.43   -8.61 1616.48 \n",
       "\n",
       "Coefficients:\n",
       "            Estimate Std. Error t value Pr(>|t|)\n",
       "(Intercept)  5936869    4484822   1.324    0.186\n",
       "Color1      -5936828    4484823  -1.324    0.186\n",
       "Color2      -5936819    4484821  -1.324    0.186\n",
       "Color3      -5936848    4484822  -1.324    0.186\n",
       "Color4      -5936890    4484824  -1.324    0.186\n",
       "Color5      -5936408    4484828  -1.324    0.186\n",
       "Color6      -5937779    4484810  -1.324    0.186\n",
       "Color7      -5935214    4484789  -1.323    0.186\n",
       "Color8      -5938957    4484975  -1.324    0.186\n",
       "\n",
       "Residual standard error: 106.7 on 996 degrees of freedom\n",
       "Multiple R-squared:  0.006188,\tAdjusted R-squared:  -0.001795 \n",
       "F-statistic: 0.7752 on 8 and 996 DF,  p-value: 0.6248\n"
      ]
     },
     "metadata": {},
     "output_type": "display_data"
    }
   ],
   "source": [
    "lmdc= lm(Likes~., data=domcolor)\n",
    "summary(lmdc)"
   ]
  },
  {
   "cell_type": "code",
   "execution_count": 39,
   "metadata": {},
   "outputs": [
    {
     "data": {
      "text/plain": [
       "\n",
       "Call:\n",
       "lm(formula = Likes ~ ., data = dompcolor)\n",
       "\n",
       "Residuals:\n",
       "    Min      1Q  Median      3Q     Max \n",
       "-127.01  -28.82  -18.20   -7.06 1618.39 \n",
       "\n",
       "Coefficients:\n",
       "              Estimate Std. Error t value Pr(>|t|)  \n",
       "(Intercept)  5.906e+06  4.473e+06   1.320   0.1871  \n",
       "Color1      -5.906e+06  4.473e+06  -1.320   0.1871  \n",
       "Color2      -5.906e+06  4.473e+06  -1.320   0.1871  \n",
       "Color3      -5.906e+06  4.473e+06  -1.320   0.1871  \n",
       "Color4      -5.906e+06  4.473e+06  -1.320   0.1871  \n",
       "Color5      -5.905e+06  4.473e+06  -1.320   0.1871  \n",
